5 8 10 11 12 19 27 29 34 36 42 51 54 55 63 67 84 88 100
106 120 121 140 149 166 169 178 197 198
218 235 238 245 253 255 273 274 290 292 297 
301 314 316 319 320 333 337 343 349 361 362 378 382 390 398 
405 420 435 436 437 438 441 443 446 449 476 479 482 483 484 485 490 492
530 533 547 550 551 567 572 576 578 588
625 636 646 652 655 657 666 675 
716 724 737 742 748 750 758 760 797
818 834 839 846 848 850 861 868 874 881  900
934 938 950 956 984

1025 1035 1077 1131 1157 1172
1210 1266 1314 1375 1376 
1433 1445 1450 1486 1529 1538 1541 1542 1553 1558 1587
1612 1614 1637 1638 1722 1792 1799
1835 1906 1914 1966 1975 1991 1995 1997

2031 2041 2042 2083 2097 2127 2128 2134 2144 2169 2183 2192
2223 2237 2286 2287 2301 2343 2361
2408 2447 2449 2478 2486 2500 2508 2509 2511 2519 2540 2555 2571 2573 
2617 2630 2694 2710 2754 2759 2798
2859 2863 2889 2922 2937

3028 3126 3155 3231 3246 3248 3253 3322 3324 3334 3354 3409 3451 
3520 3552 3574 3585 3672 3691 3762 3947 3975

4044 4051 4102 4107 4218 4301 4359 4371 4452 4486 4518 4625 4640 4655 4788 4809 4827 4935 4955 4958