1 2 6 15 16 17 20 23 24 25 26 30 32 33 35 40 43 44 49 58 66 68 69 70 72 73 79 81 83 85 86 87 91 94 97 98 99
101 102 105 106 109 112 113 114 118 123 127 138 146 150 151 161 165 193
220 225 234 236 242
326
404 408 423 414 416 418 419 445 453 460 462 466 467 468 470 474 488
506 508 544 563 568 577 598
626 627 632 686
714 744 779 784 795
801 819 828 836 841 842 875 890
913 928 929 936 955 966 970 982 987

1036 1039 1042 1047 1071 1075 1107 1178 1192
1297 1333 1343 1359 1388 1392
1409 1426 1440 1446 1470 1490 1509 1556 1564 1571 1577 1584 
1617 1627 1647 1658 1663 1670 1697 1723 1743 1745 1754 1755 1769 1777 1781
1879 1883 1908

2001 2020 2032 2037 2049 2084 2086 2092 2182 
2268 2276 2298 2322 2359
2463 2465 2471 2518 2528 2532
2639 2665 2684 2775 2797
2870 2958 2967 2978

3030 3042 3085 3257 3274 3329 
3560 3562 3564 3576 3601 3771 3785 3830 3835 3950 3958 3964 3999

4012 4023 4094 4297 4332 4378 4408 4606 4621 4694 4823 4895